%YAML:1.0
dataset_dir: ./data/ladybug_hongqi/
camera_number: 5
width: 830
height: 1010
2Ddistance: 40
stereotype: 0 #0 is horizontal
scale: 1
datanum: 760

#VO
num_of_features: 2000
scale_factor: 1.2
level_pyramid: 8
match_ratio: 2.0
max_num_lost: 10
min_inliers: 10
keyframe_rotation: 0.1
keyframe_translation: 5
map_point_erase_ratio: 0.1
#cam0用的是双目的
camera0.fx: 1339.41958567
camera0.fy: 1333.06894909
camera0.cx: 420.58131333
camera0.cy: 512.11745766
camera0.xi: 1.70149701
camera0.k1: -0.11378674
camera0.k2: 0.40508657
camera0.r1: -0.00041045
camera0.r2: 0.00022668
camera0.q1: 0
camera0.q2: 0
camera0.q3: 0
camera0.q4: 1
camera0.t1: 0
camera0.t2: 0
camera0.t3: 0
#cam1用的是双目的
camera1.fx: 1340.24140879
camera1.fy: 1334.00328827
camera1.cx: 429.13503195
camera1.cy: 502.38828616
camera1.xi: 1.70257848
camera1.k1: -0.08212081
camera1.k2: 0.32983466
camera1.r1: -0.00127548
camera1.r2: -0.00131162
camera1.q1: -0.00182871
camera1.q2: -0.58567437
camera1.q3: -0.00317378
camera1.q4: 0.81053817
camera1.t1: -0.0571262
camera1.t2: 0.00032956
camera1.t3: -0.04166243
#cam2用的是双目的
camera2.fx: 1380.59141014
camera2.fy: 1374.73156232
camera2.cx: 414.71456184
camera2.cy: 512.97111278
camera2.xi: 1.788577
camera2.k1: -0.06222354
camera2.k2: 0.55435471
camera2.r1: -0.00105779
camera2.r2: 0.00147074
camera2.q1: 0.00148609
camera2.q2: -0.58805135
camera2.q3: -0.00088348
camera2.q4: 0.80882175
camera2.t1: -0.05688937
camera2.t2: -0.00050901
camera2.t3: -0.04092706
#cam3用的是双目的
camera3.fx: 1341.39005003
camera3.fy: 1336.16016919
camera3.cx: 416.68741853
camera3.cy: 503.36696411
camera3.xi: 1.71714859
camera3.k1: -0.0818875
camera3.k2: 0.38289028
camera3.r1: -0.00009183
camera3.r2: 0.00038445
camera3.q1: 0.00012858
camera3.q2: -0.58828056
camera3.q3: -0.00310717
camera3.q4: 0.80865092
camera3.t1: -0.05601287
camera3.t2: 0.00006674
camera3.t3: -0.04127356
#cam4用的是双目的
camera4.fx: 1328.36442187
camera4.fy: 1321.89395045
camera4.cx: 422.62892742
camera4.cy: 495.38936331
camera4.xi: 1.67599235
camera4.k1: -0.12584285
camera4.k2: 0.44371549
camera4.r1: -0.00153018
camera4.r2: -0.0000466
camera4.q1: 0.00234238
camera4.q2: -0.58782156
camera4.q3: -0.00345029
camera4.q4: 0.80897987
camera4.t1: -0.05684836
camera4.t2: 0.00049604
camera4.t3: -0.04231921
#用的是最后标的
camera5.fx: 1346.08287589
camera5.fy: 1338.9273754
camera5.cx: 414.7475479
camera5.cy: 498.63307543
camera5.xi: 1.70159874
camera5.k1: -0.12988251
camera5.k2: 0.45779614
camera5.r1: 0.00240466
camera5.r2: -0.00052014
camera5.q1: -0.00586339
camera5.q2: -0.00238574
camera5.q3: -0.00033472
camera5.q4: 0.99997991
camera5.t1: 0.00054198
camera5.t2: -0.29950204
camera5.t3: 0.00258708
#用的是最后标的
camera6.fx: 1333.10920299
camera6.fy: 1325.98934216
camera6.cx: 425.82348638
camera6.cy: 501.76280543
camera6.xi: 1.69043084
camera6.k1: -0.12727441
camera6.k2: 0.45369799
camera6.r1: -0.00014189
camera6.r2: -0.00104581
camera6.q1: -0.00217077
camera6.q2: -0.00213424
camera6.q3: 0.00068358
camera6.q4: 0.99999513
camera6.t1: -0.00103199
camera6.t2: -0.29888224
camera6.t3: 0.00087569
#用的是最后标的
camera7.fx: 1362.2788726
camera7.fy: 1356.39487247
camera7.cx: 416.34492783
camera7.cy: 506.10049083
camera7.xi: 1.76932019
camera7.k1: -0.06845923
camera7.k2: 0.53000109
camera7.r1: -0.00061585
camera7.r2: 0.00050381
camera7.q1: -0.00203467
camera7.q2: -0.00041275
camera7.q3: -0.00022272
camera7.q4: 0.99999782
camera7.t1: -0.00079447
camera7.t2: -0.29835225
camera7.t3: -0.00276038
#用的是最后的
camera8.fx: 1321.55330993
camera8.fy: 1315.39541538
camera8.cx: 418.17141894
camera8.cy: 496.79876407
camera8.xi: 1.66367193
camera8.k1: -0.10859778
camera8.k2: 0.39124509
camera8.r1: 0.00231374
camera8.r2: 0.00075003
camera8.q1: -0.00641571
camera8.q2: -0.00354716
camera8.q3: -0.00156992
camera8.q4: 0.9999719
camera8.t1: -0.00010934
camera8.t2: -0.29913293
camera8.t3: 0.00073209
#用的是最后的
camera9.fx: 1341.34635335
camera9.fy: 1334.5327063
camera9.cx: 413.35295762
camera9.cy: 523.65510503
camera9.xi: 1.70924738
camera9.k1: -0.10297515
camera9.k2: 0.38092088
camera9.r1: 0.00046173
camera9.r2: -0.00094871
camera9.q1: -0.00673827
camera9.q2: -0.00134215
camera9.q3: 0.001446
camera9.q4: 0.99997535
camera9.t1: 0.00220464
camera9.t2: -0.29942511
camera9.t3: 0.00105551

cameraup.fx: 1419.62235228
cameraup.fy: 1421.88393853
cameraup.cx: 414.72262554
cameraup.cy: 509.69997591
cameraup.xi: 1.86395863
cameraup.k1: -0.13694993
cameraup.k2: 1.06805068
cameraup.r1: 0.0000097
cameraup.r2: -0.00208499
cameraup.q1: -0.41586958
cameraup.q2: 0.57181556
cameraup.q3: -0.57121539
cameraup.q4: 0.4168842
cameraup.t1: 0.05729149
cameraup.t2: -0.0182506
cameraup.t3: -0.07480767