%YAML:1.0
dataset_dir: ./data/ladybug_hongqi/
camera_number: 5
width: 830
height: 1010
2Ddistance: 20
stereotype: 0 #0 is horizontal
scale: 1
datanum: 760

#VO
num_of_features: 2000
scale_factor: 1.2
level_pyramid: 8
match_ratio: 2.0
max_num_lost: 10
min_inliers: 10
keyframe_rotation: 0.1
keyframe_translation: 5
map_point_erase_ratio: 0.1
#cam0用的是双目的
camera0.fx: 1339.41958567
camera0.fy: 1333.06894909
camera0.cx: 420.58131333
camera0.cy: 512.11745766
camera0.xi: 1.70149701
camera0.k1: -0.11378674
camera0.k2: 0.40508657
camera0.r1: -0.00041045
camera0.r2: 0.00022668
camera0.q1: 0
camera0.q2: 0
camera0.q3: 0
camera0.q4: 1
camera0.t1: 0
camera0.t2: 0
camera0.t3: 0
#cam1用的是五个的
camera1.fx: 1317.64327806
camera1.fy: 1311.12722368
camera1.cx: 428.26665896
camera1.cy: 500.20646534
camera1.xi: 1.67300298
camera1.k1: -0.07796931
camera1.k2: 0.30609088
camera1.r1: -0.00119716
camera1.r2: -0.00082443
camera1.q1: -0.00182871
camera1.q2: -0.58567437
camera1.q3: -0.00317378
camera1.q4: 0.81053817
camera1.t1: -0.0571262
camera1.t2: 0.00032956
camera1.t3: -0.04166243
#cam2用的是五个的
camera2.fx: 1313.15426744
camera2.fy: 1307.27973859
camera2.cx: 414.61222517
camera2.cy: 512.54696412
camera2.xi: 1.66100297
camera2.k1: -0.069738
camera2.k2: 0.26443269
camera2.r1: -0.00221526
camera2.r2: 0.00155633
camera2.q1: 0.00148609
camera2.q2: -0.58805135
camera2.q3: -0.00088348
camera2.q4: 0.80882175
camera2.t1: -0.05688937
camera2.t2: -0.00050901
camera2.t3: -0.04092706
#cam3用的是五个的
camera3.fx: 1324.7882541
camera3.fy: 1318.96347454
camera3.cx: 417.79561997
camera3.cy: 504.07464264
camera3.xi: 1.69368837
camera3.k1: -0.07635669
camera3.k2: 0.3635711
camera3.r1: -0.00163066
camera3.r2: -0.00173332
camera3.q1: 0.00012858
camera3.q2: -0.58828056
camera3.q3: -0.00310717
camera3.q4: 0.80865092
camera3.t1: -0.05601287
camera3.t2: 0.00006674
camera3.t3: -0.04127356
#cam4用的是五个的
camera4.fx: 1352.10894096
camera4.fy: 1347.03905524
camera4.cx: 422.27969091
camera4.cy: 495.52598823
camera4.xi: 1.76424724
camera4.k1: -0.05666196
camera4.k2: 0.52600566
camera4.r1: -0.00096887
camera4.r2: -0.00105337
camera4.q1: 0.00234238
camera4.q2: -0.58782156
camera4.q3: -0.00345029
camera4.q4: 0.80897987
camera4.t1: -0.05684836
camera4.t2: 0.00049604
camera4.t3: -0.04231921
#用的是最后标的
camera5.fx: 1346.08287589
camera5.fy: 1338.9273754
camera5.cx: 414.7475479
camera5.cy: 498.63307543
camera5.xi: 1.70159874
camera5.k1: -0.12988251
camera5.k2: 0.45779614
camera5.r1: 0.00240466
camera5.r2: -0.00052014
camera5.q1: -0.00586339
camera5.q2: -0.00238574
camera5.q3: -0.00033472
camera5.q4: 0.99997991
camera5.t1: 0.00054198
camera5.t2: -0.29950204
camera5.t3: 0.00258708
#用的是最早标的
camera6.fx: 1309.44212038
camera6.fy: 1303.32234574
camera6.cx: 424.2901494
camera6.cy: 499.40915416
camera6.xi: 1.64670063
camera6.k1: -0.10037996
camera6.k2: 0.33012098
camera6.r1: 0.00225171
camera6.r2: -0.00114106
camera6.q1: -0.00364289
camera6.q2: -0.00030256
camera6.q3: 0.00145627
camera6.q4: 0.99999226
camera6.t1: -0.00110694
camera6.t2: -0.30054838
camera6.t3: 0.00204539
#用的是最后标的
camera7.fx: 1362.2788726
camera7.fy: 1356.39487247
camera7.cx: 416.34492783
camera7.cy: 506.10049083
camera7.xi: 1.76932019
camera7.k1: -0.06845923
camera7.k2: 0.53000109
camera7.r1: -0.00061585
camera7.r2: 0.00050381
camera7.q1: -0.00203467
camera7.q2: -0.00041275
camera7.q3: -0.00022272
camera7.q4: 0.99999782
camera7.t1: -0.00079447
camera7.t2: -0.29835225
camera7.t3: -0.00276038
#用的是最后的
camera8.fx: 1321.55330993
camera8.fy: 1315.39541538
camera8.cx: 418.17141894
camera8.cy: 496.79876407
camera8.xi: 1.66367193
camera8.k1: -0.10859778
camera8.k2: 0.39124509
camera8.r1: 0.00231374
camera8.r2: 0.00075003
camera8.q1: -0.00641571
camera8.q2: -0.00354716
camera8.q3: -0.00156992
camera8.q4: 0.9999719
camera8.t1: -0.00010934
camera8.t2: -0.29913293
camera8.t3: 0.00073209
#用的是最后的
camera9.fx: 1341.34635335
camera9.fy: 1334.5327063
camera9.cx: 413.35295762
camera9.cy: 523.65510503
camera9.xi: 1.70924738
camera9.k1: -0.10297515
camera9.k2: 0.38092088
camera9.r1: 0.00046173
camera9.r2: -0.00094871
camera9.q1: -0.00673827
camera9.q2: -0.00134215
camera9.q3: 0.001446
camera9.q4: 0.99997535
camera9.t1: 0.00220464
camera9.t2: -0.29942511
camera9.t3: 0.00105551

cameraup.fx: 1419.62235228
cameraup.fy: 1421.88393853
cameraup.cx: 414.72262554
cameraup.cy: 509.69997591
cameraup.xi: 1.86395863
cameraup.k1: -0.13694993
cameraup.k2: 1.06805068
cameraup.r1: 0.0000097
cameraup.r2: -0.00208499
cameraup.q1: -0.41586958
cameraup.q2: 0.57181556
cameraup.q3: -0.57121539
cameraup.q4: 0.4168842
cameraup.t1: 0.05729149
cameraup.t2: -0.0182506
cameraup.t3: -0.07480767