%YAML:1.0
dataset_dir: ./data/ladybug_hongqi/
camera_number: 5
width: 830
height: 1010
2Ddistance: 20
stereotype: 0 #0 is horizontal
scale: 1
datanum: 760

#VO
num_of_features: 2000
scale_factor: 1.2
level_pyramid: 8
match_ratio: 2.0
max_num_lost: 10
min_inliers: 10
keyframe_rotation: 0.1
keyframe_translation: 5
map_point_erase_ratio: 0.1
#cam0用的是双目的
camera0.fx: 1339.90312621
camera0.fy: 1341.17644089
camera0.cx: 425.00078558
camera0.cy: 507.95744997
camera0.xi: 1.74564426
camera0.k1: -0.0971589
camera0.k2: 0.42274208
camera0.r1: 0.00062978
camera0.r2: -0.0015393
camera0.q1: 0
camera0.q2: 0
camera0.q3: 0
camera0.q4: 1
camera0.t1: 0
camera0.t2: 0
camera0.t3: 0
#cam1用的是双目的
camera1.fx: 1315.80811619
camera1.fy: 1317.20953212
camera1.cx: 428.42340674
camera1.cy: 497.57403394
camera1.xi: 1.6940682
camera1.k1: -0.09082048
camera1.k2: 0.26077087
camera1.r1: 0.00028997
camera1.r2: -0.00181669
camera1.q1: -0.00182871
camera1.q2: -0.58567437
camera1.q3: -0.00317378
camera1.q4: 0.81053817
camera1.t1: -0.0571262
camera1.t2: 0.00032956
camera1.t3: -0.04166243
#cam2用的是双目的
camera2.fx: 1198.21833672
camera2.fy: 1201.02962631
camera2.cx: 417.68248173
camera2.cy: 506.58461615
camera2.xi: 1.45680962
camera2.k1: -0.18992882
camera2.k2: 0.22501114
camera2.r1: 0.00015558
camera2.r2: -0.00214946
camera2.q1: 0.00148609
camera2.q2: -0.58805135
camera2.q3: -0.00088348
camera2.q4: 0.80882175
camera2.t1: -0.05688937
camera2.t2: -0.00050901
camera2.t3: -0.04092706
#cam3用的是双目的
camera3.fx: 1353.21992504
camera3.fy: 1354.23272144
camera3.cx: 419.05908972
camera3.cy: 499.40134998
camera3.xi: 1.76055534
camera3.k1: -0.09435745
camera3.k2: 0.34850962
camera3.r1: -0.0009732
camera3.r2: -0.00148383
camera3.q1: 0.00012858
camera3.q2: -0.58828056
camera3.q3: -0.00310717
camera3.q4: 0.80865092
camera3.t1: -0.05601287
camera3.t2: 0.00006674
camera3.t3: -0.04127356
#cam4用的是双目的 
camera4.fx: 1359.30857115
camera4.fy: 1361.58182315
camera4.cx: 426.42106964
camera4.cy: 486.60752048
camera4.xi: 1.78480471
camera4.k1: -0.09468186
camera4.k2: 0.49924261
camera4.r1: 0.00325008
camera4.r2: -0.00321403
camera4.q1: 0.00234238
camera4.q2: -0.58782156
camera4.q3: -0.00345029
camera4.q4: 0.80897987
camera4.t1: -0.05684836
camera4.t2: 0.00049604
camera4.t3: -0.04231921
#用的是最后标的
camera5.fx: 1274.41789039
camera5.fy: 1275.47395074
camera5.cx: 416.26519063
camera5.cy: 502.55125242
camera5.xi: 1.63049704
camera5.k1: -0.11132377
camera5.k2: 0.20759094
camera5.r1: -0.0038568
camera5.r2: -0.00179755
camera5.q1: 0.00435141
camera5.q2: -0.0007509
camera5.q3: -0.00062072
camera5.q4: 0.99999006
camera5.t1: 0.00112439
camera5.t2: -0.30103008
camera5.t3: -0.0021153
#用的是最后标的
camera6.fx: 1275.9943551
camera6.fy: 1277.16428178
camera6.cx: 426.51407611
camera6.cy: 503.74994217
camera6.xi: 1.6229262
camera6.k1: -0.11620987
camera6.k2: 0.20679023
camera6.r1: -0.00273965
camera6.r2: -0.00175886
camera6.q1: 0.00253421
camera6.q2: -0.00306244
camera6.q3: 0.00127562
camera6.q4: 0.99999129
camera6.t1: -0.00104058
camera6.t2: -0.30195048
camera6.t3: -0.00065442
#用的是最后标的
camera7.fx: 1324.91448205
camera7.fy: 1325.84368097
camera7.cx: 419.47363223
camera7.cy: 507.93587002
camera7.xi: 1.71194623
camera7.k1: -0.10054382
camera7.k2: 0.28579842
camera7.r1: -0.00196968
camera7.r2: -0.00090191
camera7.q1: 0.00357812
camera7.q2: -0.00265178
camera7.q3: -0.00041
camera7.q4: 0.99999
camera7.t1: -0.00020769
camera7.t2: -0.30155126
camera7.t3: -0.00238728
#用的是最后的
camera8.fx: 1235.76185281
camera8.fy: 1238.56071748
camera8.cx: 419.21601533
camera8.cy: 501.00820794
camera8.xi: 1.53310106
camera8.k1: -0.16810486
camera8.k2: 0.20712946
camera8.r1: -0.00429568
camera8.r2: -0.00069352
camera8.q1: 0.0015606
camera8.q2: -0.00151004
camera8.q3: -0.0014107
camera8.q4: 0.99999665
camera8.t1: -0.00069999
camera8.t2: -0.30115344
camera8.t3: -0.00327122
#用的是最后的
camera9.fx: 1307.53304038
camera9.fy: 1308.42577427
camera9.cx: 414.3278875
camera9.cy: 524.97788854
camera9.xi: 1.67528227
camera9.k1: -0.12869603
camera9.k2: 0.27305671
camera9.r1: -0.00182758
camera9.r2: -0.0021647
camera9.q1: 0.00296516
camera9.q2: -0.00106205
camera9.q3: 0.00168091
camera9.q4: 0.99999363
camera9.t1: 0.00376708
camera9.t2: -0.30220889
camera9.t3: 0.0004281

cameraup.fx: 1419.62235228
cameraup.fy: 1421.88393853
cameraup.cx: 414.72262554
cameraup.cy: 509.69997591
cameraup.xi: 1.86395863
cameraup.k1: -0.13694993
cameraup.k2: 1.06805068
cameraup.r1: 0.0000097
cameraup.r2: -0.00208499
cameraup.q1: -0.41586958
cameraup.q2: 0.57181556
cameraup.q3: -0.57121539
cameraup.q4: 0.4168842
cameraup.t1: 0.05729149
cameraup.t2: -0.0182506
cameraup.t3: -0.07480767