%YAML:1.0
dataset_dir: ./data/ladybug_hongqi/
camera_number: 5
width: 830
height: 1010
2Ddistance: 20
stereotype: 0 #0 is horizontal
scale: 1
datanum: 760

#VO
num_of_features: 5000
scale_factor: 1.2
level_pyramid: 8
match_ratio: 2.0
max_num_lost: 10
min_inliers: 10
keyframe_rotation: 0.1
keyframe_translation: 5
map_point_erase_ratio: 0.1
#cam0用的是双目的
camera0.fx: 1339.51970725
camera0.fy: 1344.34073014
camera0.cx: 422.59475763
camera0.cy: 510.4483766
camera0.xi: 1.71847883
camera0.k1: -0.1624835
camera0.k2: 0.57650072
camera0.r1: 0.00039975
camera0.r2: -0.00046383
camera0.q1: 0
camera0.q2: 0
camera0.q3: 0
camera0.q4: 1
camera0.t1: 0
camera0.t2: 0
camera0.t3: 0
#cam1用的是双目的
camera1.fx: 1372.90393332
camera1.fy: 1374.62946561
camera1.cx: 429.47547659
camera1.cy: 498.57961767
camera1.xi: 1.78010093
camera1.k1: -0.11617961
camera1.k2: 0.53640721
camera1.r1: 0.00021897
camera1.r2: -0.00161737
camera1.q1: -0.00182871
camera1.q2: -0.58567437
camera1.q3: -0.00317378
camera1.q4: 0.81053817
camera1.t1: -0.0571262
camera1.t2: 0.00032956
camera1.t3: -0.04166243
#cam2用的是双目的 2-1
camera2.fx: 1360.19515507
camera2.fy: 1362.26505966
camera2.cx: 416.10525238
camera2.cy: 508.99702637
camera2.xi: 1.76671629
camera2.k1: -0.10794459
camera2.k2: 0.55524685
camera2.r1: -0.00020103
camera2.r2: 0.00017314
camera2.q1: 0.00148609
camera2.q2: -0.58805135
camera2.q3: -0.00088348
camera2.q4: 0.80882175
camera2.t1: -0.05688937
camera2.t2: -0.00050901
camera2.t3: -0.04092706
#cam3用的是双目的
camera3.fx: 1388.45189545
camera3.fy: 1389.89200689
camera3.cx: 417.9103202
camera3.cy: 499.63927484
camera3.xi: 1.82743957
camera3.k1: -0.09182779
camera3.k2: 0.52632024
camera3.r1: 0.00155764
camera3.r2: -0.00057094
camera3.q1: 0.00012858
camera3.q2: -0.58828056
camera3.q3: -0.00310717
camera3.q4: 0.80865092
camera3.t1: -0.05601287
camera3.t2: 0.00006674
camera3.t3: -0.04127356
#cam4用的是双目的
camera4.fx: 1326.39808932
camera4.fy: 1328.1256804
camera4.cx: 423.57768748
camera4.cy: 488.73508326
camera4.xi: 1.70579149
camera4.k1: -0.13661965
camera4.k2: 0.43830871
camera4.r1: 0.0027245
camera4.r2: -0.0018579
camera4.q1: 0.00234238
camera4.q2: -0.58782156
camera4.q3: -0.00345029
camera4.q4: 0.80897987
camera4.t1: -0.05684836
camera4.t2: 0.00049604
camera4.t3: -0.04231921
#用的是最后标的
camera5.fx: 1374.22507686
camera5.fy: 1377.40417104
camera5.cx: 413.87494731
camera5.cy: 499.72598065
camera5.xi: 1.76498569
camera5.k1: -0.14984482
camera5.k2: 0.60899295
camera5.r1: 0.00217715
camera5.r2: -0.0014127
camera5.q1: -0.00312502
camera5.q2: 0.00107024
camera5.q3: 0.00031294
camera5.q4: 0.9999945
camera5.t1: 0.00038702
camera5.t2: -0.30247565
camera5.t3: 0.0041496
#用的是最后标的
camera6.fx: 1345.24541559
camera6.fy: 1346.23272487
camera6.cx: 425.95813478
camera6.cy: 501.72563423
camera6.xi: 1.73509523
camera6.k1: -0.12832461
camera6.k2: 0.43006254
camera6.r1: -0.00043199
camera6.r2: -0.00132644
camera6.q1: 0.00036237
camera6.q2: -0.00164261
camera6.q3: 0.00115446
camera6.q4: 0.99999792
camera6.t1: -0.00108059
camera6.t2: -0.30135777
camera6.t3: 0.00013726
#用的是最后标的
camera7.fx: 1345.86181565
camera7.fy: 1347.64620067
camera7.cx: 417.38826448
camera7.cy: 507.54818858
camera7.xi: 1.74297884
camera7.k1: -0.09823739
camera7.k2: 0.3506681
camera7.r1: -0.00156709
camera7.r2: -0.00091029
camera7.q1: 0.00052631
camera7.q2: -0.00053539
camera7.q3: 0.00013582
camera7.q4: 0.99999971
camera7.t1: -0.00067868
camera7.t2: -0.30156064
camera7.t3: -0.00242175
#用的是最后的
camera8.fx: 1343.39099812
camera8.fy: 1344.44207161
camera8.cx: 419.32636333
camera8.cy: 498.36433949
camera8.xi: 1.73318584
camera8.k1: -0.11399471
camera8.k2: 0.41762937
camera8.r1: -0.00031473
camera8.r2: 0.0003889
camera8.q1: -0.00070509
camera8.q2: -0.00413801
camera8.q3: -0.00125501
camera8.q4: 0.9999904
camera8.t1: -0.00013854
camera8.t2: -0.30122318
camera8.t3: -0.00141666
#用的是最后的
camera9.fx: 1310.00031943
camera9.fy: 1311.2492018
camera9.cx: 413.56696132
camera9.cy: 525.33629332
camera9.xi: 1.69095277
camera9.k1: -0.10896337
camera9.k2: 0.2514402
camera9.r1: -0.00186758
camera9.r2: -0.00219335
camera9.q1: 0.0026724
camera9.q2: -0.00130303
camera9.q3: 0.00214752
camera9.q4: 0.99999327
camera9.t1: 0.00249055
camera9.t2: -0.30147572
camera9.t3: -0.00214334

cameraup.fx: 1419.62235228
cameraup.fy: 1421.88393853
cameraup.cx: 414.72262554
cameraup.cy: 509.69997591
cameraup.xi: 1.86395863
cameraup.k1: -0.13694993
cameraup.k2: 1.06805068
cameraup.r1: 0.0000097
cameraup.r2: -0.00208499
cameraup.q1: -0.41586958
cameraup.q2: 0.57181556
cameraup.q3: -0.57121539
cameraup.q4: 0.4168842
cameraup.t1: 0.05729149
cameraup.t2: -0.0182506
cameraup.t3: -0.07480767